"lekki     ",5,1,0,0,2,2,4,1,0,100,28
"stalowy   ",7,2,0,0,2,6,4,2,0,150,2
"srebrny   ",12,3,0,0,2,5,4,5,0,500,2
"dîugi     ",10,5,0,0,2,9,4,3,0,200,2
"ognisty   ",15,5,0,0,2,4,4,9,9,800,20
"Smoczy Zâb",25,8,0,0,2,5,4,9,2,3000,20
"Szczerbiec",50,15,0,0,2,5,4,9,5,10000,20
"zwykîy    ",6,2,0,0,1,7,4,0,0,120,3
"szturmowy ",9,3,0,0,1,15,4,0,0,190,3
"chromowany",12,5,0,0,1,15,4,8,0,350,3
"zîoty     ",25,10,0,0,1,12,4,9,0,1100,3
"kamienny  ",7,2,0,0,11,16,4,0,0,150,4
"ciëûki    ",10,3,0,0,11,30,4,1,0,300,4
"diamentowy",25,5,0,0,11,25,4,2,0,1050,4
"goblinów  ",30,5,0,0,11,20,4,5,0,1500,4
"drewniana ",0,8,0,0,3,3,4,0,0,50,1
"stalowa   ",0,15,0,0,3,8,4,0,0,150,15
"szturmowa ",0,19,0,0,3,15,4,0,0,300,15
"gremlinów ",0,25,0,0,3,10,4,0,0,900,1
"zwykîy    ",10,0,0,0,4,1,4,0,0,80,5
"wyborowy  ",15,0,0,0,4,2,4,0,0,190,5
"elfów     ",20,0,0,0,4,1,4,0,0,400,5
"szpiczasty",0,5,0,0,7,1,1,0,0,100,8
"rogaty    ",2,5,0,0,7,2,1,0,0,170,8
"skórzane  ",0,0,5,0,8,1,3,0,0,100,9
"podkute   ",0,2,12,0,8,1,3,0,0,100,9
"lekka     ",0,10,0,0,6,10,2,0,0,200,7
"kolczuga  ",0,18,0,0,6,12,2,0,0,400,7
"stalowa   ",0,13,0,0,6,20,2,0,0,300,7
"ciëûka    ",0,22,0,0,6,30,2,0,0,400,18
"srebrna   ",0,28,0,0,6,15,2,0,0,900,18
"sterydius   ",0,2,0,2,13,0,1,0,0,300,12
"furialis    ",2,0,5,2,13,0,1,0,0,500,12
"kreci korzeï",-5,0,0,-40,13,0,1,0,0,5000,12
"rycyna      ",0,0,8,-5,13,0,1,0,0,400,12
"szpinak     ",3,0,0,0,13,0,1,0,0,300,12
"liôê bobkowy",0,0,0,30,13,0,1,0,0,200,12
"trawa       ",0,0,0,0,13,0,1,0,30,400,12
"zwykîe    ",15,0,0,0,5,0,4,0,0,50,6
"zatrute   ",20,0,0,0,5,0,4,10,0,100,6
"magiczne  ",25,0,0,0,5,0,4,0,20,200,6
"Pocisk (5)  ",25,0,0,0,12,0,4,1,5,200,14
"Piguîa (8)  ",45,0,0,0,12,0,4,1,8,350,14
"Oddech Chaosu (12)",20,0,0,0,12,0,4,1,12,600,14
"Pîomienie (15)",35,0,0,0,12,0,4,2,15,700,14
"Bîyskawica (20)",55,0,0,0,12,0,4,2,20,900,14
"Intuicja (3) ",0,0,0,0,12,0,4,3,3,120,13
"Leczenie (5) ",0,0,0,10,12,0,4,2,5,200,13
"Uzdrowienie (20)",0,0,0,100,12,0,4,2,20,900,13
"Ôwiatîoôê (40)",10,0,0,0,12,0,4,5,40,500,13
"wszechwiedza (15)",0,0,0,0,12,0,4,6,15,450,13
"Gniew Boûy (50)",70,0,0,0,12,0,4,7,50,2500,14
"spowolnienie (10)",0,0,-20,0,12,0,4,2,10,350,14
"lekkie  ",0,0,8,0,8,1,3,0,0,50,9
"bojowe  ",2,4,7,0,8,3,3,0,0,150,9
"piszczel ogra",7,2,0,0,10,4,4,0,0,50,11
"drewniana    ",4,1,0,0,10,1,4,0,0,20,11
"kolczasta    ",9,2,0,0,10,4,4,0,0,80,11
"zbójecka     ",11,3,0,0,10,3,4,0,0,100,11
"oblëûnicza   ",60,20,0,0,15,150,4,0,0,500,32
"burzâca      ",40,10,0,0,15,120,4,0,0,450,32
"lekka        ",30,6,0,0,15,50,4,0,0,600,32
"ogrów        ",90,15,0,0,15,60,4,0,0,1150,32
"maîy         ",10,0,0,0,16,10,4,0,0,2,33
"duûy         ",20,0,0,0,16,20,4,0,0,4,33
"ôredni       ",15,0,0,0,16,18,4,0,0,4,33
"granitowy    ",40,0,0,0,16,20,4,0,0,20,33
"marmurowy    ",30,0,0,0,16,19,4,0,0,15,33
"Klingoïski",2,6,0,0,7,2,1,0,0,600,19
"Magiczny  ",2,6,3,0,7,-40,1,0,0,870,8
"ple ple      ",0,0,0,20,18,1,1,0,0,150,16
"trucizna     ",-10,-10,0,-90,18,1,1,0,0,500,16
"owcze móûdûki",5,2,0,-5,18,1,1,0,0,300,16
"miód         ",4,0,0,30,18,1,1,0,0,490,16
"halucinum    ",0,0,0,0,18,1,1,0,50,450,16
"uzdrawiajâca ",0,0,0,70,18,1,1,0,0,350,16
"miëso z dzika ",0,0,0,0,17,2,4,35,0,20,22
"miëso gargoyli",0,0,0,0,17,2,4,85,0,50,22
"miëso wilka   ",0,0,0,0,17,2,4,20,0,40,22
"zîoto     ",0,0,0,0,14,0,4,0,0,2000,21
"kamienie  ",0,0,0,0,14,0,4,0,0,1500,21
"monety    ",0,0,0,0,14,0,4,0,0,3000,21
"diamenty  ",0,0,0,0,14,0,4,0,0,5000,21
"z dzika   ",0,5,0,0,19,0,2,0,0,200,24
"gargoyli  ",0,9,0,0,19,0,2,0,0,1450,24
"wilcza    ",0,8,0,0,19,0,2,0,0,350,24
"cudowne ",1,3,20,0,8,2,3,0,0,500,9
"Nawrócenie (60)",0,0,0,0,12,0,4,8,60,2000,14
"Eksplozja (25)",40,0,0,0,12,0,4,9,25,998,14
"ôcierwo  ",0,0,0,0,17,2,4,20,0,20,22
"îuskowa   ",0,12,0,0,6,7,2,0,0,800,7
"ôwietlista",10,30,0,0,6,12,2,0,0,2300,7
"ogrowa    ",0,43,0,0,6,70,2,0,0,1700,18
"Vingrena  ",12,32,0,0,6,30,2,0,0,2400,18
"wielorybniczy",17,1,0,0,9,3,4,0,0,300,10
"dîugi        ",10,1,0,0,9,4,4,0,0,200,10
"Wilczy kieî  ",20,2,0,0,9,5,4,0,0,1100,10
"Stirgrist    ",30,3,0,0,9,8,4,0,0,1700,10
"wino       ",0,0,0,-10,18,1,1,0,10,70,16
"trole mleko",0,1,12,-10,18,1,1,0,0,500,16
"woda      ",0,0,0,10,18,1,1,0,0,10,16
"motorolum ",0,0,18,0,18,1,1,0,0,800,16
"krew      ",-20,0,-20,-20,18,1,1,0,0,300,16
"umkoum ",3,0,0,0,18,1,1,0,0,80,16
"udziec",0,0,0,0,17,2,4,25,0,20,22
"bîoniasta ",0,3,0,0,19,0,2,0,0,280,24
"Sokoli",38,0,0,0,4,1,4,0,0,1180,5
"Sokole Szpony",35,0,0,0,5,0,4,0,0,1150,6
"Sorasila  ",8,10,5,0,7,0,1,0,0,1220,19
"Niepewnoôê  (12)",20,0,0,0,12,0,4,10,12,200,14
"Uspokojenie (20)",50,0,0,0,12,0,4,10,12,600,14
"Wiedúminów ",8,3,0,0,2,7,4,1,0,120,2
"Szerszeï   ",14,1,1,0,2,8,4,1,0,700,2
"Chaosu     ",13,1,-2,0,2,9,4,1,0,650,28
"orków    ",10,7,0,0,1,37,4,0,0,120,3
"srebrny  ",14,5,0,0,1,27,4,0,0,620,3
"wojenny  ",8,3,0,0,1,20,4,0,0,190,3
"bitewny  ",9,2,0,0,11,26,4,0,0,250,4
"stalowy  ",11,5,0,0,11,18,4,0,0,450,4
"granitowy",13,7,0,0,11,39,4,0,0,730,4
